可怕的七

时间限制：2000/1000ms（JAVA /其他）内存限制：32768/32768K（JAVA /其他）
的总提交（）：0接受的意见书（S）：0
问题描述
超级马里奥正在研究如何使用一种神秘的力量广场。的电源广场是n×n与整数0和n2-1之间的值。
甲序号y的邻居的另一电源广场数x，如果y是上方或正下方的x，或直接的左侧或右侧的x。Rosalina要求超级马里奥找到所有的数字电源广场7号的邻居，因为她可以告诉大家，这些数字很紧张。
“为什么是七害怕吗？”马里奥要求“Rosalina。 
“ 因为七吃九！“，Rosalina感叹。
 

输入
的输入是一个描述电源广场，然后由一个的命令数。第一行是电源SQUARE N的大小。你可以假设N <= 100。第二行包含在电源广场的n2值，由空格分隔。从左上角移动由左到右的值，向下移动一排，一排最左边的位置时充满。
继电源广场说明有大量的命令，每个命令在一个单独的行。每一个命令开始的命令，任何附加命令参数的名称。
将有不超过100个命令。
 

产量
“SHOW”命令会导致电源广场的当前状态显示在n×n的形式（在一行中每一行的n个值，用空格隔开），其次是一个空行。
其次是“邻居”命令的值x电源广场。邻近x的值是输出并显示在一行上（顺序为：以上，左，右，低于X），由空格分隔的。你可以假设，，x是始终在电源广场。
 

样例输入
3 
8 7 6 5 4 3 2 1 0 
SHOW 
NEIGHBORS 7 
NEIGHBORS于1 
NEIGHBORS 4 
4 
0 1 2 3 4 5 6 7 8 9 10 11 12 13 14 15 
显示
NEIGHBORS于7 
NEIGHBORS 1 
NEIGHBORS 8 
NEIGHBORS 14
 

样本输出
8 7 6 
5 4 3 
2 1 0 8 6 4 4 2 0 7 5 3 1 ??0 1 2 3 4 5 6 7 8 9 10 11 12 13 14 15 3 6 11 0 2 5 4 9 12 10 13 15









